63.0
68.0
11.0
84.0
61.0
89.0
43.0
28.0
20.0
68.0
53.0
12.0
72.0
9.0
47.0
55.0
17.0
58.0
39.0
68.0
89.0
93.0
35.0
2.0
28.0
50.0
13.0
51.0
30.0
47.0
43.0
8.0
42.0
87.0
72.0
26.0
26.0
70.0
42.0
86.0
9.0
78.0
52.0
33.0
1.0
56.0
84.0
94.0
4.0
35.0
3.0
62.0
33.0
23.0
97.0
88.0
80.0
16.0
90.0
93.0
16.0
66.0
67.0
84.0
93.0
73.0
54.0
33.0
94.0
62.0
87.0
48.0
46.0
49.0
42.0
68.0
33.0
78.0
57.0
62.0
69.0
89.0
76.0
29.0
69.0
50.0
40.0
76.0
37.0
47.0
17.0
41.0
33.0
48.0
35.0
22.0
0.0
3.0
59.0
90.0
48.0
39.0
22.0
37.0
60.0
36.0
43.0
47.0
49.0
99.0
67.0
56.0
42.0
5.0
86.0
15.0
67.0
62.0
10.0
40.0
21.0
32.0
66.0
99.0
78.0
92.0
74.0
64.0
17.0
95.0
93.0
14.0
22.0
12.0
62.0
82.0
67.0
79.0
78.0
77.0
19.0
35.0
30.0
39.0
31.0
37.0
71.0
49.0
52.0
78.0
59.0
96.0
96.0
51.0
17.0
30.0
99.0
53.0
55.0
90.0
88.0
17.0
78.0
15.0
19.0
70.0
59.0
50.0
91.0
67.0
93.0
56.0
30.0
86.0
42.0
34.0
50.0
25.0
94.0
16.0
45.0
97.0
13.0
55.0
11.0
54.0
90.0
82.0
39.0
54.0
73.0
23.0
90.0
23.0
83.0
80.0
63.0
40.0
89.0
17.0
17.0
33.0
94.0
22.0
43.0
53.0
72.0
47.0
83.0
51.0
96.0
62.0
16.0
74.0
73.0
3.0
58.0
60.0
93.0
46.0
95.0
15.0
50.0
66.0
3.0
15.0
85.0
92.0
69.0
82.0
62.0
54.0
71.0
70.0
10.0
18.0
70.0
92.0
81.0
18.0
56.0
9.0
61.0
14.0
74.0
25.0
42.0
3.0
65.0
94.0
2.0
41.0
20.0
15.0
71.0
60.0
6.0
27.0
52.0
64.0
43.0
99.0
59.0
48.0
12.0
73.0
90.0
86.0
78.0
75.0
65.0
85.0
53.0
3.0
16.0
37.0
77.0
50.0
71.0
25.0
10.0
40.0
64.0
15.0
30.0
73.0
36.0
68.0
96.0
39.0
50.0
1.0
2.0
78.0
96.0
40.0
67.0
8.0
10.0
89.0
21.0
94.0
22.0
90.0
46.0
70.0
51.0
0.0
64.0
89.0
37.0
97.0
53.0
18.0
21.0
79.0
50.0
55.0
41.0
88.0
30.0
9.0
78.0
91.0
24.0
52.0
8.0
90.0
74.0
1.0
18.0
52.0
88.0
73.0
48.0
92.0
46.0
31.0
65.0
83.0
19.0
93.0
37.0
85.0
8.0
91.0
66.0
64.0
81.0
8.0
82.0
82.0
99.0
38.0
30.0
11.0
20.0
93.0
63.0
69.0
66.0
58.0
97.0
30.0
88.0
22.0
50.0
24.0
95.0
63.0
39.0
0.0
55.0
30.0
17.0
94.0
24.0
94.0
20.0
0.0
91.0
18.0
91.0
41.0
20.0
55.0
70.0
74.0
31.0
22.0
97.0
76.0
65.0
8.0
54.0
6.0
51.0
99.0
94.0
55.0
67.0
99.0
28.0
50.0
22.0
10.0
20.0
99.0
2.0
89.0
32.0
25.0
29.0
93.0
85.0
64.0
56.0
25.0
52.0
83.0
52.0
50.0
77.0
74.0
9.0
68.0
37.0
5.0
56.0
11.0
70.0
93.0
99.0
48.0
86.0
89.0
46.0
38.0
59.0
97.0
33.0
46.0
9.0
14.0
70.0
70.0
51.0
73.0
59.0
91.0
42.0
23.0
79.0
44.0
88.0
62.0
8.0
34.0
76.0
43.0
90.0
35.0
88.0
5.0
53.0
48.0
13.0
34.0
88.0
88.0
18.0
83.0
61.0
46.0
68.0
38.0
78.0
48.0
49.0
44.0
45.0
29.0
87.0
73.0
83.0
13.0
44.0
60.0
14.0
5.0
44.0
90.0
20.0
59.0
92.0
66.0
94.0
36.0
20.0
84.0
26.0
8.0
76.0
58.0
73.0
10.0
11.0
42.0
2.0
48.0
43.0
66.0
82.0
36.0
93.0
43.0
5.0
24.0
25.0
30.0
24.0
15.0
49.0
67.0
4.0
54.0
6.0
28.0
0.0
49.0
34.0
77.0
71.0
43.0
55.0
53.0
8.0
59.0
31.0
55.0
88.0
92.0
61.0
29.0
14.0
44.0
34.0
37.0
81.0
40.0
40.0
11.0
7.0
12.0
50.0
68.0
12.0
73.0
2.0
19.0
92.0
46.0
12.0
56.0
97.0
91.0
95.0
84.0
1.0
86.0
37.0
18.0
24.0
15.0
67.0
29.0
5.0
51.0
86.0
42.0
90.0
85.0
11.0
90.0
52.0
40.0
95.0
97.0
89.0
66.0
93.0
62.0
92.0
57.0
90.0
75.0
5.0
75.0
56.0
31.0
42.0
66.0
9.0
41.0
3.0
97.0
74.0
6.0
5.0
88.0
89.0
35.0
26.0
33.0
88.0
90.0
48.0
63.0
88.0
42.0
28.0
28.0
47.0
29.0
5.0
56.0
54.0
24.0
6.0
48.0
36.0
38.0
67.0
87.0
72.0
89.0
19.0
16.0
70.0
2.0
51.0
98.0
26.0
29.0
95.0
23.0
85.0
85.0
81.0
2.0
76.0
67.0
75.0
71.0
37.0
4.0
28.0
61.0
37.0
77.0
33.0
20.0
29.0
45.0
70.0
98.0
99.0
80.0
78.0
40.0
79.0
46.0
80.0
54.0
33.0
29.0
39.0
97.0
38.0
44.0
62.0
9.0
67.0
31.0
59.0
17.0
6.0
85.0
77.0
56.0
39.0
68.0
72.0
5.0
89.0
41.0
41.0
98.0
43.0
24.0
45.0
26.0
35.0
61.0
80.0
89.0
35.0
22.0
83.0
64.0
0.0
93.0
78.0
52.0
69.0
31.0
45.0
19.0
56.0
8.0
50.0
41.0
73.0
90.0
31.0
4.0
40.0
37.0
31.0
33.0
83.0
74.0
7.0
58.0
90.0
4.0
54.0
62.0
2.0
91.0
7.0
89.0
43.0
8.0
65.0
39.0
54.0
73.0
16.0
6.0
74.0
89.0
7.0
4.0
37.0
23.0
14.0
2.0
92.0
76.0
40.0
28.0
5.0
12.0
65.0
4.0
47.0
19.0
18.0
41.0
35.0
49.0
47.0
10.0
4.0
29.0
15.0
53.0
49.0
65.0
71.0
56.0
67.0
97.0
74.0
21.0
11.0
81.0
41.0
96.0
94.0
59.0
29.0
46.0
6.0
50.0
52.0
98.0
15.0
27.0
19.0
13.0
71.0
4.0
15.0
72.0
39.0
5.0
94.0
26.0
49.0
35.0
60.0
86.0
37.0
55.0
80.0
77.0
76.0
89.0
78.0
49.0
9.0
95.0
60.0
60.0
17.0
68.0
73.0
50.0
84.0
31.0
82.0
26.0
22.0
49.0
45.0
97.0
15.0
52.0
99.0
29.0
61.0
74.0
35.0
80.0
70.0
56.0
12.0
19.0
61.0
82.0
98.0
61.0
12.0
84.0
59.0
66.0
59.0
63.0
71.0
75.0
38.0
53.0
76.0
42.0
29.0
67.0
70.0
68.0
21.0
51.0
32.0
88.0
64.0
8.0
31.0
26.0
53.0
17.0
96.0
24.0
16.0
31.0
68.0
78.0
12.0
16.0
2.0
6.0
18.0
36.0
21.0
56.0
83.0
94.0
11.0
30.0
47.0
78.0
17.0
46.0
1.0
61.0
99.0
26.0
2.0
89.0
65.0
94.0
22.0
43.0
7.0
2.0
5.0
92.0
56.0
13.0
7.0
2.0
33.0
27.0
51.0
95.0
45.0
20.0
99.0
17.0
58.0
71.0
57.0
94.0
33.0
10.0
23.0
59.0
39.0
33.0
0.0
15.0
73.0
27.0
25.0
31.0
98.0
17.0
31.0
81.0
70.0
0.0
53.0
28.0
98.0
59.0
8.0
90.0
52.0
56.0
26.0
55.0
93.0
1.0
93.0
12.0
26.0
19.0
57.0
8.0
72.0
56.0
99.0
73.0
57.0
61.0
18.0
87.0
58.0
39.0
77.0
78.0
17.0
69.0
65.0
30.0
11.0
22.0
89.0
64.0
7.0
36.0
67.0
51.0
64.0
63.0
8.0
22.0
46.0
0.0
96.0
42.0
